601858
000782
600425
600610
000619
300588
603628
603689
600507
300593
000885
002302
603186
603266
603039
002824
002748
002751
300586
002838
002840
600692
603579
002265
600599
300595
002836
603444
601137
300584
002040
000798
603929
300590
002388
300311
300580
603038
603165
600303
603032
000638
002741
601003
601038
603690
300589
601126
300591
603668
002300
000931
600782
600992
600793
000996
603036
002825
600322
002590
600679
600698
002614
000049
600387
000921
002711
600810
603559
600309
600760
600476
000893
000511
000819
300417
300022
600806
000608
600872
002043
000607
300393
002034
000898
600456
002753
002417
600686
002758
002628
002110
601717
000975
600005
002204
600512
300023
600803
300198
600590
600106
603989
002431
000906
601636
603300
002597
000877
600569
002636
600520
300344
300323
002307
000550
000910
000659
000517
002391
600197
002461
000858
601233
603789
600209
000055
000651
600817
000837
600537
000498
000709
300306
600231
603528
002329
002198
601800
600779
601225
600481
002573
002247
000895
002686
601118
600178
600598
002405
600647
601588
002651
600801
002451
000761
300480
000708
002333
603268
000928
603686
300161
000791
300267
300238
600808
300184
601933
000626
600260
600068
600432
000736
600230
000878
600297
600162
600489
601919
000995
600583
002168
000717
000826
000639
000585
000881
000620
000923
002556
002141
600787
000338
600019
002677
603819
601111
600697
600350
002833
000568
000897
000488
002415
603338
601633
000812
000020
002409
603639
000401
002200
601607
000402
600180
603315
603060
002621
600995
600704
000886
601186
600851
600148
000760
603369
600753
300153
000596
600990
603889
600477
601699
002085
002762
002447
002146
300095
000510
000993
300343
000011
600126
000428
002253
600694
000962
002221
600175
601880
600889
600187
002453
002648
600056
000014
600539
000672
600491
601866
300298
601009
002193
000636
601008
002575
300401
002539
600026
600519
002304
600083
600128
002262
002051
600581
000656
002554
002291
000159
601668
002423
600971
000666
000504
300061
000678
300386
300116
600585
600022
300136
300243
000702
600166
600795
002714
002166
300242
000766
002563
002142
603869
600988
600558
601901
000838
000816
002676
600307
002289
600188
600648
002255
600867
600199
002140
002219
600614
600761
600626
002408
601166
603519
000045
002428
000063
000900
600884
600773
000822
600575
600097
002442
002035
601117
600326
002338
002050
600802
000023
600741
000025
002679
000786
600881
600818
000756
300119
600452
600486
600306
000065
600605
601958
600062
603918
600238
300426
002615
002425
002189
002545
600183
300057
601798
600318
000514
600993
002395
600399
600638
001979
002532
000688
300163
002212
601007
600898
002524
600750
300525
600963
601088
002229
600117
000030
601689
000721
000060
600132
000538
600419
002105
600354
300438
300158
000005
600980
600015
600089
600383
300360
000611
603077
600104
600010
601898
002422
300313
000980
002672
002430
300577
601998
600559
600054
002387
600262
002343
002334
000089
000778
600820
000429
600495
002155
600468
000622
600755
000889
002174
002456
000612
600393
300278
002246
002036
600885
600234
300089
000627
002719
002266
002416
000595
600200
600765
603800
000625
600038
600076
600050
600769
600202
600375
600720
000968
002209
002134
000605
000576
300294
600332
600693
600608
600376
600279
002595
300364
002202
002653
600120
000589
000929
601012
002657
000937
002530
600069
600265
603008
600295
600811
600643
600064
600299
000426
000831
000613
600739
601872
000909
000333
002755
002478
002242
000999
300016
000739
002217
000860
000581
600121
002484
002210
600798
600036
601818
002435
300228
600666
600298
002434
600565
002271
600547
600081
002702
000663
000546
601518
603025
600449
002046
002723
601669
002288
601992
600823
300408
000797
601069
601566
600467
600098
601169
601888
002323
600267
000628
603609
002310
600122
600335
002552
002236
002510
600289
601336
002059
000528
601377
600428
000703
000410
000520
600039
600138
601318
000683
300399
300009
600766
600463
600275
600866
000852
000018
600409
002640
000768
002420
000669
601666
600381
002717
002531
600887
002269
600221
603703
600976
600176
000983
600136
000505
600301
600873
600228
600317
300203
000039
600606
000002
600759
002207
600675
000959
000796
300237
600674
002090
600883
002358
600358
002624
601390
600290
600282
300373
603116
600664
000046
600029
000019
000731
002353
002237
300430
300562
002208
600754
000789
600682
601991
000981
600080
600009
600819
600528
300138
601179
603828
002661
601328
603018
000966
002191
600004
600620
600276
600531
601098
601016
600000
002173
601601
600837
600313
600630
002716
000524
000423
600839
000661
600256
002032
000537
600362
600743
300232
600822
002668
601688
600469
000631
002241
600641
002555
600327
600721
300215
601211
600338
600742
002314
002366
600312
600858
600616
000637
600629
000985
300383
002506
002493
000825
600800
600269
601997
000911
000960
002534
600748
603368
300084
000539
600545
600243
600961
002308
000950
600108
600066
600657
600841
600321
600708
601857
000006
000951
600315
600107
600272
002100
002630
000668
600048
600016
600763
300249
000630
600785
002284
600527
000965
300338
002233
002350
002076
300475
000905
600291
002535
600085
300174
300003
000856
002713
000513
002508
300257
600886
600191
000415
600420
000967
601988
000800
603589
600573
002470
600777
002569
603227
000416
000698
002567
600182
002759
002019
600987
000752
000509
600713
601000
600771
002618
002098
600051
000707
600385
600137
000863
000566
603958
603899
600208
600578
000056
603799
002126
600377
000090
002622
601677
300332
600020
600436
300007
600116
000001
002357
600252
600063
002611
000783
600186
600860
601107
300251
000582
600717
603859
600159
001896
603167
600149
601608
600809
300402
600403
600508
600792
600110
600018
000652
600160
600830
600999
300269
000848
300090
300390
002501
000061
601001
000544
002455
002582
002044
002485
600095
600853
002497
000720
600815
601789
300175
000591
002072
600266
600348
600543
603198
002118
000026
600311
600115
000729
002244
002002
600316
000526
002365
002504
601006
002581
002252
600600
600540
002641
600684
600222
002763
000548
002609
002397
000599
300208
600562
600462
002486
600805
600969
600129
000417
300129
002665
002128
600736
603188
000600
002572
600478
000963
002267
000936
600604
600302
601766
600257
600835
300264
603123
600059
002433
600168
002448
600240
600483
603778
000978
000828
300147
600856
600500
600623
600418
000926
002449
600658
600619
002587
603377
600622
002372
600371
002039
002250
600030
600557
600172
600843
603779
600518
000022
002013
600007
002511
002767
002646
600521
600459
600053
600783
002414
600340
600826
002159
300230
000403
000418
603986
603838
603716
603616
603558
603555
603399
603308
603223
603169
603117
603111
603015
603010
601996
601985
601939
601899
601727
601700
601616
601558
601398
601288
601258
601216
601199
601168
601158
601113
601099
601058
601021
601018
601005
600997
600979
600973
600970
600900
600892
600890
600877
600876
600875
600863
600859
600855
600848
600829
600807
600804
600791
600768
600747
600735
600734
600733
600725
600724
600702
600691
600690
600683
600681
600678
600673
600665
600663
600660
600655
600654
600649
600645
600636
600633
600609
600593
600577
600556
600552
600551
600549
600533
600530
600509
600496
600485
600439
600406
600400
600378
600365
600359
600346
600336
600333
600331
600325
600308
600305
600271
600270
600246
600242
600239
600225
600219
600216
600215
600212
600210
600190
600173
600171
600161
600158
600152
600151
600146
600145
600143
600123
600078
600077
600033
600008
300535
300526
300518
300513
300490
300482
300479
300473
300467
300459
300450
300449
300428
300423
300420
300394
300392
300367
300319
300276
300271
300225
300223
300213
300212
300189
300180
300179
300150
300149
300123
300100
300098
300094
300088
300086
300080
300076
300068
300065
300041
300030
300028
300005
002809
002806
002795
002761
002745
002740
002725
002724
002701
002696
002694
002685
002683
002681
002675
002670
002664
002652
002635
002629
002617
002592
002591
002584
002579
002578
002574
002571
002565
002526
002509
002507
002492
002482
002481
002443
002426
002401
002400
002396
002383
002379
002377
002368
002342
002340
002336
002335
002320
002316
002286
002282
002260
002239
002226
002211
002181
002165
002162
002132
002129
002123
002115
002113
002102
002087
002086
002083
002082
002081
002080
002078
002075
002048
002033
002031
002029
002025
000982
000979
000949
000935
000916
000912
000903
000890
000887
000868
000829
000821
000811
000809
000807
000803
000802
000788
000780
000776
000758
000751
000750
000735
000727
000716
000711
000697
000693
000690
000687
000682
000681
000680
000676
000673
000671
000670
000667
000635
000615
000598
000586
000584
000560
000558
000557
000540
000534
000521
000516
000507
000425
000166
000158
000157
000153
000088
000062
000050
000048
000042
000029
000007
300424
002606
002281
002008
000925
600379
000989
002690
002616
002065
002775
000792
603099
000733
002138
300073
601788
600479
600198
300409
600177
600701
600155
600767
002089
002243
600746
002708
002194
600637
000888
002261
002143
000533
300170
000713
000685
601928
000590
600380
002011
000609
600310
002404
600268
000407
600094
600836
002737
600757
000601
000632
600874
000036
000876
600251
600861
600343
600429
600497
600897
300047
600716
002756
600071
000701
600323
600703
600572
002292
002003
600067
002752
603166
600894
000610
600031
603977
300124
002550
002528
300029
600386
600965
601799
002062
600812
600072
002167
600356
002821
600635
600460
603979
000732
000850
000572
002731
603883
600595
002654
000037
002594
600668
603001
002662
300097
000606
601231
600712
600027
600612
000738
002084
300309
600179
002688
603239
600727
600726
600170
300274
600213
600320
000908
002678
600723
000404
002238
601600
000665
601918
002001
600352
000655
002789
603939
600288
002047
000976
601628
002061
600548
002454
002290
002058
002045
600546
600099
600220
600388
601929
002412
603599
002077
000799
600169
600395
600165
600075
300048
600133
000862
600363
002352
600280
300239
601226
002175
002671
600061
600661
002772
000408
000767
300148
002007
002466
002489
300211
002060
002024
002020
600490
601965
002542
002294
603168
600258
000918
002190
002177
601011
603997
600567
600091
002224
002608
000069
000100
603005
002596
000027
300045
300120
600195
600535
002638
002028
600109
002473
601101
600517
600502
300415
000922
600389
300320
601808
000725
600597
600206
000938
600611
002828
600355
600642
600028
002094
000795
002445
002450
600981
002206
002610
001696
000156
000623
002460
600555
601877
000952
002576
300295
000531
300200
300462
002770
000869
000657
002240
600345
002015
601579
002392
603019
002196
000948
601555
600751
600373
002373
600217
600677
603968
603309
600888
600617
600857
002475
002093
300012
600895
300389
002332
600261
601989
000953
000603
600237
002063
300422
000969
300008
002305
002259
600461
600011
600277
002311
000543
000726
000028
000686
600651
600784
600105
002691
000021
000629
000430
300233
300456
000861
002733
000883
600401
002548
603518
002322
300272
002361
002558
002012
600688
002378
603808
002557
000650
600586
600618
000899
601968
000633
002537
002299
600958
002121
600689
600959
000977
600650
600057
600150
600060
600870
600360
600052
000679
300156
600580
600984
600662
600058
002101
000927
000043
002092
600728
002069
600705
603919
002498
600838
601177
300142
002464
002560
002566
000692
600157
002157
000790
600967
600017
601339
603698
000068
002203
600458
002109
000700
300412
002384
601100
600470
002309
000017
600513
600505
600185
002561
002519
002053
600770
600196
000810
000597
000571
002546
600319
600372
002538
002495
600789
002376
000552
600780
600653
600259
002518
000830
603998
603766
600391
600163
002513
002057
002038
600398
002441
300375
600103
002613
600153
002583
300498
600156
601139
601777
002285
002022
000530
600676
601218
600824
002375
600111
000779
600587
002523
002027
300380
601908
600130
002218
000547
000004
300064
300443
600006
300216
600397
002186
600227
000753
600510
000616
300334
002004
603606
002633
600744
600825
300495
603508
000785
000070
000554
002693
002369
000757
600503
600624
600831
002386
600729
002214
300167
000971
603566
300038
600370
002647
601611
002715
000875
300508
002516
000559
300357
300284
002268
603999
002112
600488
000820
002183
600283
600628
600499
002394
603969
002540
002381
002780
002170
600594
600070
300260
300431
300348
600601
600285
300255
600882
603901
000917
002172
000901
600978
002010
000016
600846
002544
002160
300192
000593
000551
000957
600962
603030
601515
600366
300039
600975
600794
600422
002471
600639
002682
002152
002533
601229
600634
002135
600281
000421
002235
600868
002331
600361
600550
300070
603003
000010
002021
000970
600707
600328
300118
300347
300471
600193
600722
600790
600880
300127
600685
600862
603798
603600
300350
600127
601369
600706
600236
000040
002319
000793
600711
002111
600390
601618
601106
600871
000823
002503
600738
300026
002440
601198
600715
300115
600037
600869
002666
000420
601010
600396
603618
002607
002228
002603
603002
000561
002139
603598
000012
000301
002254
002605
300015
002037
000880
600781
002313
002180
002042
600084
002351
300252
300033
002154
002279
300325
002407
603288
002718
002477
600079
002739
300321
600834
300190
002293
600073
002585
000541
002275
002549
002726
000099
600082
000839
002634
600854
300056
002722
300472
603022
002457
300330
600248
000031
002663
000567
600423
002406
600118
600796
600764
002463
000955
002817
002330
000691
600339
002785
601368
002465
600522
600487
600096
300418
002658
000502
600247
600101
002429
600536
002437
000920
002650
300259
002382
000545
300266
002176
600982
002438
002009
002232
002469
600756
600579
600592
600292
600827
002312
000932
603909
002402
603588
300074
601969
600329
300197
002432
002527
002324
300112
601311
002773
002359
300470
600255
002274
601599
002419
000882
002390
000833
002073
002145
600745
002521
002106
600131
000518
600284
000973
300416
600074
002424
002734
600985
600589
600112
300066
600201
600850
600369
300317
002547
300469
300185
603306
300398
600893
601002
600525
600998
600719
300079
300188
600300
601519
002831
300396
300082
000712
000151
600844
600730
002197
603311
300020
300103
600100
002502
000913
000008
002703
002356
002439
300032
000400
300262
002598
300195
300105
601567
300176
300131
002363
601116
600482
000930
600293
002776
600919
002056
002494
600714
000737
000919
603158
600864
600368
300146
002005
601222
600416
300121
300006
600588
002643
600960
600192
002041
002156
002819
600731
603159
600415
300205
002303
300256
600273
600737
002588
600088
300411
603669
300083
002826
600917
000587
002215
002480
000705
300126
600466
002599
600776
002736
600250
002030
300486
002117
002220
000592
000564
300336
300328
000059
600529
000988
300337
002144
002223
002479
600775
300312
002562
002515
300263
002256
600740
300111
000933
000998
600532
002321
002564
300110
002273
300226
600093
000662
000777
603126
300137
601678
600444
002747
300025
300181
603128
002689
300139
600351
002230
600515
601028
300107
002355
600249
002225
300293
002468
002551
002644
002328
002248
601890
600229
002016
002589
300258
603366
300042
000813
002619
600023
002698
300244
600566
300004
300555
002823
002721
000532
601208
601333
002411
300132
603788
300388
600652
600516
002249
000573
601313
300356
600526
002222
000058
300406
002692
002344
300273
000728
000565
002184
002150
600568
300419
002327
300144
002476
600498
002637
002131
002107
002114
000419
002158
300196
603328
000718
300345
300091
000851
300301
300024
600584
000413
000038
002684
002601
600446
002398
002099
300326
002742
002006
002079
002427
600141
600865
300157
600433
002496
603678
600382
600223
000523
002251
300270
600189
002418
002270
002673
300281
603318
300339
300296
300247
002459
603688
002367
600718
002103
002074
002732
002543
000902
002277
603718
002827
300368
600035
002149
002627
600218
603355
002052
002385
603567
002153
600405
300299
002632
002568
600667
002458
002577
603699
002124
300191
300072
600621
002245
600511
002104
002403
600353
300355
002374
300117
002199
002738
002505
002014
002213
300193
300002
002163
300476
002514
300133
002188
002147
000695
603389
002278
603000
000009
300292
002122
603333
002812
300128
002667
002705
002410
002017
002421
300001
600640
000503
000032
300055
300289
300204
600644
300049
000961
002389
000722
300165
000958
300085
600278
000755
603398
000096
603729
603885
002600
300134
002179
002187
002729
300377
002500
002263
600232
000570
002088
002348
600287
002018
002049
600778
300069
300342
603868
002765
300027
002349
601238
600986
600582
000835
600367
601155
600560
600235
300164
300224
300199
600571
300425
002452
000762
300436
300446
002735
600561
600438
000997
300166
600135
002559
300036
300011
002164
603085
603568
300378
603898
600563
300043
603322
603601
002699
300478
300304
300385
300155
002276
002413
000939
603520
300407
300140
300075
002296
300286
603222
600426
002706
300485
002520
600448
002803
300305
002205
601188
600613
002137
300108
300303
300169
002790
000801
300206
300333
300051
300059
002108
300265
603006
002444
603011
002195
600758
300031
002119
002054
002512
000529
002474
002116
600926
002631
000987
002707
603012
002399
002536
300102
600233
603323
300130
600125
300217
002297
300145
601015
002258
002295
300227
300253
300077
002709
300405
603663
300492
002467
300013
002364
603066
002067
002639
300359
600596
002669
600203
600828
002380
600538
002339
002066
300037
300010
600241
002499
600816
002727
600012
002488
600977
300465
002626
002393
002133
601718
603028
300099
000719
000815
000035
603199
300034
600506
300457
300275
603959
002091
603456
002586
300464
002306
002095
300335
600936
300290
300433
600475
300109
002612
600086
002097
601388
603806
000519
002272
002169
002687
002345
002283
000501
002315
300346
002096
300093
603069
300058
002317
300308
603118
603020
002436
002185
002490
600680
300135
601163
300400
002760
002769
300441
300354
300542
300235
300017
600896
300231
300240
002130
002487
002446
300050
002593
300114
002301
000078
300366
300280
000411
002231
603515
002674
000034
000990
002055
300162
300078
600821
600119
300316
002807
002743
300245
603577
600615
300178
002318
300297
300246
002649
002216
000915
300104
300549
002625
002580
601999
002023
300183
300384
600909
300483
300201
300397
000555
300122
300429
300395
002192
002064
600523
002792
300488
300014
000525
300261
002680
300327
002750
002660
002777
300358
600184
002298
002462
300387
002148
300453
600879
603727
600410
002280
002768
300403
002783
002829
300455
002360
300369
300329
300302
300143
300365
002788
600695
000859
002171
300324
603696
600435
002757
002178
300322
300154
300214
600671
300283
000677
300307
600226
603993
002786
600847
601900
600501
002151
002604
002234
000536
600408
000150
002362
002620
300410
300573
600493
300173
603023
002529
300287
300310
600480
300018
600167
002068
300229
000715
600749
300092
601966
300351
603098
603100
300222
300440
002749
600139
601595
002026
002697
000553
300442
300379
300182
002071
300414
603007
002161
002700
300437
000836
300172
603339
603017
002522
300404
002125
600908
600891
002341
300527
600021
300236
300568
000506
300187
002659
600392
300151
300040
300101
300341
002541
603569
300288
600337
600090
300331
300484
603021
603887
600113
300046
300439
300044
600845
300318
600833
601127
002642
002326
600696
300432
300448
002325
600797
002070
300352
603088
002472
300202
603299
002227
002354
002264
002746
300468
300291
300221
300219
300509
000759
002371
603936
300021
603861
300362
002655
300413
300234
603608
603858
002782
002127
002712
002623
300447
600966
300218
300141
603701
000892
603611
600774
603928
300081
000409
300285
002483
300510
300300
300511
300463
300519
600211
300087
002337
603823
300035
300113
300125
603393
300374
300168
603101
300171
300370
603067
300547
603636
300493
300194
601886
002766
300315
600814
300445
600602
300512
603996
300515
603816
002771
300489
300487
002287
601801
002201
600330
300277
002370
300314
300177
603660
603160
300461
300254
600576
002796
002787
600570
300505
300581
603203
601020
300552
000617
002728
300363
600699
002808
002570
600114
300209
300452
300548
603737
002791
300500
300494
603900
603667
603108
300096
603416
002182
300282
601811
300451
603313
300540
002730
300533
300536
603738
300541
300520
300538
002136
603987
600055
000972
603033
002553
002491
002822
002645
300516
601375
600455
000422
300250
603058
300067
300434
300071
002830
300507
300521
300063
002818
300106
300506
300477
300053
300381
300349
601128
300421
300517
300052
002517
300279
603090
603189
300579
300566
300523
300569
603131
300499
300220
300268
300529
300565
002602
002695
603556
002781
300444
603026
603258
300152
300019
300575
300160
300556
300460
603843
300382
300558
300528
603585
002815
300550
600996
300241
002805
002820
300543
600983
300560
300435
300553
002779
300159
603777
600603
300054
002810
002797
600207
002813
300497
002801
002802
300391
300427
603818
300571
300496
601500
300210
300376
002793
300557
300534
002800
603421
603298
000723
603888
603990
603866
603658
300530
300353
603336
603822
300572
603029
300551
300481
300371
603319
300559
300522
300539
603726
002816
300563
002778
603878
603016
300491
603633
300545
300576
002799
300501
300062
300502
000818
603708
002835
300561
300474
002120
600421
300340
002656
002832
603218
603988
300458
000806
300570
002811
603031
300546
002837
300583
601882
000710
300466
300503
300207
603009
300567
300582
300531
600687
603027
300587
603228
603886
300248
300532
300537
002347
603035
603877
002346
002798
300585
000066
000563
300372
000155
000033
600732
600710
