300182
000636
002390
300166
600773
300010
002482
002437
002503
600545
000681
600425
600699
600410
002217
002168
600466
000519
000488
601515
600872
600122
002589
300113
002371
300287
002281
000587
300134
603198
600183
000975
002317
002602
002551
002595
002384
600298
300202
000786
002092
000877
601233
600267
600614
002194
002345
600682
002273
000088
002342
002665
600184
000926
002392
000158
002106
002439
002440
600623
600280
000762
002233
002315
002410
000969
600755
002572
000703
002657
000897
002063
600260
002354
002373
002640
600978
002269
000400
600557
300253
600565
002727
002466
603019
603025
002030
600435
002005
002461
000680
600039
603883
000973
000028
000970
002642
002190
300043
002479
002118
600765
600601
601311
002408
002049
600112
603806
600056
000919
002325
000592
002277
600790
002463
600509
603328
002573
300244
600500
002261
600729
000078
601666
300257
600563
603766
600881
600125
600088
002299
300274
600640
000726
600487
002276
000031
002001
600499
000513
600536
300147
600825
002663
002078
002332
600511
603005
603698
002050
600720
002698
002074
600808
600801
002249
600596
000401
600259
002242
300199
600617
600132
002161
600831
002073
600517
002624
000930
002056
000631
600643
002512
603567
600422
600528
600006
600516
601126
600426
000777
002309
600458
600584
002344
000541
002285
600850
600251
603699
600717
002251
600628
600138
002048
002223
600503
300026
600776
601001
600392
600757
300291
000566
002588
002271
002366
002311
600380
000997
002093
002327
600597
603001
600770
002002
001696
600651
600416
600428
600169
600971
600657
600483
002038
601678
002603
600851
000669
600220
002122
002011
600433
601801
600510
002268
002181
601886
002128
603188
600198
600879
000810
600522
600201
601777
002714
600289
600073
600004
600366
000667
600743
002310
000030
000652
600270
300072
000861
002293
002004
000598
000572
300273
600418
601369
000006
600348
000008
601908
600141
300032
601002
600751
600507
000998
000090
000612
000616
600059
002155
601010
600880
600864
600587
002064
002498
002022
002405
600478
600917
603568
002672
002308
000900
002444
600537
600580
600216
600694
000417
002266
300115
600525
000758
600586
600894
300055
600395
600351
002646
600970
000547
600967
600874
002414
600805
600292
002477
600277
002701
600320
600468
002431
002489
002029
600175
000581
600869
601226
002131
000979
000528
601000
600017
002267
600335
002013
000685
000988
601929
600067
601880
002428
002179
000012
600884
002041
600195
000543
002028
000600
600812
600748
000848
600750
000656
600482
600325
300001
600058
002358
000661
600086
600397
000931
600759
002505
000860
600284
600572
002244
600823
600811
600329
000830
600108
000552
002051
000869
000021
601717
002508
000066
300039
002238
600594
600094
600826
600611
000983
600736
600062
600436
002678
600079
000099
600312
600176
600687
601155
600240
600498
600120
002375
600618
600575
600481
000426
000939
600835
600635
600639
002254
000816
600180
600236
002216
600064
600166
600026
600282
600993
600388
603589
600787
600187
000501
600460
002699
600300
000049
000937
600754
002250
600200
601965
600160
600266
002353
600521
600053
603555
603169
603077
601168
601005
600859
600673
600655
600645
600633
600551
600496
600171
600161
600158
600151
600143
300088
002745
002681
002635
002426
002400
002396
002368
002340
002025
000887
000829
000727
000697
000690
000671
000517
000062
000050
000596
002191
600664
600809
600456
601012
600219
601699
000620
600497
600316
603355
000418
002085
000961
000550
000563
600409
002221
000878
600761
